{
    "w": 1920.0,
    "h": 1080.0,
    "aabb_scale": 2.0,
    "scale": 0.005,
    "offset": [
        0.0,
        0.0,
        0.0
    ],
    "frames": [
        {
            "file_path": "c1origalpha.png",
            "transform_matrix": [
                [
                    0.5968082421427792,
                    0.7999318633319652,
                    -0.06268122634964945,
                    -134.2595332874038
                ],
                [
                    0.4511557075056387,
                    -0.3991420221822064,
                    -0.7982131129675745,
                    -23.760996655858193
                ],
                [
                    -0.6635348142302199,
                    0.44810117178439657,
                    -0.5991050743817135,
                    187.463740055431
                ],
                [
                    0.0,
                    0.0,
                    0.0,
                    1.0
                ]
            ],
            "f1_x": 1084.3797038965158,
            "f1_y": 1063.3170231088932,
            "camera_angle_x": 0.9240614866725313,
            "camera_angle_y": 1.4687585698015149,
            "c1_x": 855.6715078782222,
            "c1_y": 557.3597353286791
        },
        {
            "file_path": "c2origalpha.png",
            "transform_matrix": [
                [
                    -0.037118886362038306,
                    0.9991781542838667,
                    -0.016285093709509257,
                    -52.90780764646689
                ],
                [
                    0.5851504951815125,
                    0.008521882613946263,
                    -0.8108799390202874,
                    -61.762105221434744
                ],
                [
                    -0.8100747411591556,
                    -0.039628190957947285,
                    -0.5849859145460921,
                    232.88472858376443
                ],
                [
                    0.0,
                    0.0,
                    0.0,
                    1.0
                ]
            ],
            "f1_x": 1088.0156498006393,
            "f1_y": 1078.5534014722705,
            "camera_angle_x": 0.9213927628050301,
            "camera_angle_y": 1.454615882768715,
            "c1_x": 903.4955695508917,
            "c1_y": 501.18857597828867
        },
        {
            "file_path": "c3origalpha.png",
            "transform_matrix": [
                [
                    -0.793702954757243,
                    0.6081250391897077,
                    -0.01481743298072094,
                    105.80643085463164
                ],
                [
                    0.3735557177291146,
                    0.4680376282303238,
                    -0.800872589312694,
                    -63.03977188869152
                ],
                [
                    -0.48009555857298625,
                    -0.6411900773335855,
                    -0.5986514339475375,
                    220.85910418917356
                ],
                [
                    0.0,
                    0.0,
                    0.0,
                    1.0
                ]
            ],
            "f1_x": 1114.7985104879879,
            "f1_y": 1089.4705362177133,
            "camera_angle_x": 0.9021676061269556,
            "camera_angle_y": 1.4446186478401741,
            "c1_x": 817.6877606844082,
            "c1_y": 519.5698663956996
        },
        {
            "file_path": "c4origalpha.png",
            "transform_matrix": [
                [
                    -0.564249484390192,
                    -0.8245469240067499,
                    -0.04177187422667955,
                    93.22995130318566
                ],
                [
                    -0.44396459187596216,
                    0.3456911738130575,
                    -0.8266759059680894,
                    35.09177648121771
                ],
                [
                    0.6960732436502735,
                    -0.4479062206073475,
                    -0.5611257051814944,
                    81.65354599469646
                ],
                [
                    0.0,
                    0.0,
                    0.0,
                    1.0
                ]
            ],
            "f1_x": 1091.424948431705,
            "f1_y": 1073.0819912335703,
            "camera_angle_x": 0.9189033625443588,
            "camera_angle_y": 1.459668891622757,
            "c1_x": 963.4672700239659,
            "c1_y": 513.8666578424184
        },
        {
            "file_path": "c5origalpha.png",
            "transform_matrix": [
                [
                    0.6228254235377251,
                    -0.7808630198917268,
                    0.04838838662971423,
                    -6.328359653854054
                ],
                [
                    -0.4334543830942055,
                    -0.39589482435175416,
                    -0.809558265863499,
                    74.30114644499221
                ],
                [
                    0.6513108240859167,
                    0.4832393115393931,
                    -0.585041860221521,
                    29.43827830493759
                ],
                [
                    0.0,
                    0.0,
                    0.0,
                    1.0
                ]
            ],
            "f1_x": 1060.1236832574161,
            "f1_y": 1032.2072916912555,
            "camera_angle_x": 0.9422381493551725,
            "camera_angle_y": 1.498338307443997,
            "c1_x": 1071.8061459684197,
            "c1_y": 579.9176132301726
        },
        {
            "file_path": "c6origalpha.png",
            "transform_matrix": [
                [
                    -0.999227471162801,
                    -0.015385628306385834,
                    -0.036162733790622674,
                    173.728369592588
                ],
                [
                    -0.01464836104931576,
                    0.9996812068334152,
                    -0.020564781123475713,
                    -60.59542904777992
                ],
                [
                    0.03646760743677315,
                    -0.02001916945593181,
                    -0.9991342985115325,
                    121.78473762827744
                ],
                [
                    0.0,
                    0.0,
                    0.0,
                    1.0
                ]
            ],
            "f1_x": 1127.6796169985698,
            "f1_y": 1105.161553350176,
            "camera_angle_x": 0.8931851162324346,
            "camera_angle_y": 1.430445864520613,
            "c1_x": 982.5069617925866,
            "c1_y": 538.3765240967264
        },
        {
            "file_path": "c7origalpha.png",
            "transform_matrix": [
                [
                    0.9950990838235217,
                    0.09881830490553799,
                    0.0035715527693285904,
                    -63.563653853161256
                ],
                [
                    0.09843019104896243,
                    -0.9933496631542008,
                    0.05973227102245934,
                    32.79262823227793
                ],
                [
                    0.009450442510947626,
                    -0.05908797954772112,
                    -0.9982080443521357,
                    122.5278837748765
                ],
                [
                    0.0,
                    0.0,
                    0.0,
                    1.0
                ]
            ],
            "f1_x": 1109.718263542183,
            "f1_y": 1081.4449130786923,
            "camera_angle_x": 0.9057566797082279,
            "camera_angle_y": 1.4519570181082126,
            "c1_x": 956.6925377716418,
            "c1_y": 538.2786575034584
        }
    ]
}