{
    "w": 1920.0,
    "h": 1080.0,
    "aabb_scale": 1.0,
    "scale": 0.004,
    "offset": [
        0.0,
        0.2,
        0.3
    ],
    "frames": [
        {
            "file_path": "c1origalpha.png",
            "transform_matrix": [
                [
                    -0.5968082421427793,
                    0.4511557075056386,
                    -0.66353481423022,
                    215.23582324206086
                ],
                [
                    -0.7999318633319652,
                    -0.39914202218220635,
                    0.44810117178439646,
                    13.91174479246492
                ],
                [
                    0.06268122634964941,
                    -0.7982131129675742,
                    -0.5991050743817133,
                    84.92858662631244
                ],
                [
                    0.0,
                    0.0,
                    0.0,
                    1.0
                ]
            ],
            "f1_x": 1084.3797038965158,
            "f1_y": 1063.3170231088932,
            "camera_angle_x": 0.9240614866725313,
            "camera_angle_y": 1.4687585698015149,
            "c1_x": 855.6715078782222,
            "c1_y": 557.3597353286791
        },
        {
            "file_path": "c2origalpha.png",
            "transform_matrix": [
                [
                    0.03711888636203838,
                    0.5851504951815125,
                    -0.8100747411591553,
                    222.83028378149453
                ],
                [
                    -0.9991781542838667,
                    0.008521882613946137,
                    -0.03962819095794727,
                    62.61945549759704
                ],
                [
                    0.016285093709509164,
                    -0.8108799390202873,
                    -0.5849859145460921,
                    85.29102521318288
                ],
                [
                    0.0,
                    0.0,
                    0.0,
                    1.0
                ]
            ],
            "f1_x": 1088.0156498006393,
            "f1_y": 1078.5534014722705,
            "camera_angle_x": 0.9213927628050301,
            "camera_angle_y": 1.454615882768715,
            "c1_x": 903.4955695508917,
            "c1_y": 501.18857597828867
        },
        {
            "file_path": "c3origalpha.png",
            "transform_matrix": [
                [
                    0.7937029547572431,
                    0.3735557177291147,
                    -0.48009555857298647,
                    213.56121902662963
                ],
                [
                    -0.608125039189708,
                    0.4680376282303241,
                    -0.6411900773335856,
                    106.77411150385049
                ],
                [
                    0.014817432980721086,
                    -0.800872589312694,
                    -0.5986514339475374,
                    83.29857377915717
                ],
                [
                    0.0,
                    0.0,
                    0.0,
                    1.0
                ]
            ],
            "f1_x": 1114.7985104879879,
            "f1_y": 1089.4705362177133,
            "camera_angle_x": 0.9021676061269556,
            "camera_angle_y": 1.4446186478401741,
            "c1_x": 817.6877606844082,
            "c1_y": 519.5698663956996
        },
        {
            "file_path": "c4origalpha.png",
            "transform_matrix": [
                [
                    0.5642494843901922,
                    -0.44396459187596204,
                    0.6960732436502733,
                    11.347609560156384
                ],
                [
                    0.8245469240067498,
                    0.34569117381305714,
                    -0.44790622060734714,
                    101.31468335503591
                ],
                [
                    0.041771874226679655,
                    -0.8266759059680893,
                    -0.5611257051814945,
                    78.7218194914801
                ],
                [
                    0.0,
                    0.0,
                    0.0,
                    1.0
                ]
            ],
            "f1_x": 1091.424948431705,
            "f1_y": 1073.0819912335703,
            "camera_angle_x": 0.9189033625443588,
            "camera_angle_y": 1.459668891622757,
            "c1_x": 963.4672700239659,
            "c1_y": 513.8666578424184
        },
        {
            "file_path": "c5origalpha.png",
            "transform_matrix": [
                [
                    -0.6228254235377245,
                    -0.43345438309420503,
                    0.6513108240859163,
                    16.97415157475754
                ],
                [
                    0.7808630198917266,
                    -0.39589482435175427,
                    0.48323931153939303,
                    10.24812394972164
                ],
                [
                    -0.04838838662971401,
                    -0.8095582658634988,
                    -0.585041860221521,
                    77.67995148257988
                ],
                [
                    0.0,
                    0.0,
                    0.0,
                    1.0
                ]
            ],
            "f1_x": 1060.1236832574161,
            "f1_y": 1032.2072916912555,
            "camera_angle_x": 0.9422381493551725,
            "camera_angle_y": 1.498338307443997,
            "c1_x": 1071.8061459684197,
            "c1_y": 579.9176132301726
        },
        {
            "file_path": "c6origalpha.png",
            "transform_matrix": [
                [
                    0.999227471162801,
                    -0.014648361049315755,
                    0.03646760743677316,
                    168.2653376909896
                ],
                [
                    0.015385628306385827,
                    0.9996812068334142,
                    -0.020019169455931796,
                    65.68706105962582
                ],
                [
                    0.036162733790622674,
                    -0.0205647811234757,
                    -0.9991342985115323,
                    126.71566944564496
                ],
                [
                    0.0,
                    0.0,
                    0.0,
                    1.0
                ]
            ],
            "f1_x": 1127.6796169985698,
            "f1_y": 1105.161553350176,
            "camera_angle_x": 0.8931851162324346,
            "camera_angle_y": 1.430445864520613,
            "c1_x": 982.5069617925866,
            "c1_y": 538.3765240967264
        },
        {
            "file_path": "c7origalpha.png",
            "transform_matrix": [
                [
                    -0.9950990838235214,
                    0.09843019104896242,
                    0.009450442510947626,
                    58.86640633025295
                ],
                [
                    -0.09881830490553793,
                    -0.9933496631542007,
                    -0.05908797954772112,
                    46.09572382636142
                ],
                [
                    -0.003571552769328589,
                    0.05973227102245934,
                    -0.9982080443521357,
                    120.57656202836397
                ],
                [
                    0.0,
                    0.0,
                    0.0,
                    1.0
                ]
            ],
            "f1_x": 1109.718263542183,
            "f1_y": 1081.4449130786923,
            "camera_angle_x": 0.9057566797082279,
            "camera_angle_y": 1.4519570181082126,
            "c1_x": 956.6925377716418,
            "c1_y": 538.2786575034584
        }
    ]
}