{
    "w": 300,
    "h": 300,
    "aabb_scale": 1.0,
    "scale": 0.004,
    "offset": [
        0.0,
        0.2,
        0.3
    ],
    "frames": [
        {
            "file_path": "c1croppedalphaundistorted.png",
            "transform_matrix": [
                [
                    -0.5968082421427793,
                    0.4511557075056386,
                    -0.66353481423022,
                    215.23582324206086
                ],
                [
                    -0.7999318633319652,
                    -0.39914202218220635,
                    0.44810117178439646,
                    13.91174479246492
                ],
                [
                    0.06268122634964941,
                    -0.7982131129675742,
                    -0.5991050743817133,
                    84.92858662631244
                ],
                [
                    0.0,
                    0.0,
                    0.0,
                    1.0
                ]
            ],
            "f1_x": 728.7157024339018,
            "f1_y": 715.3820726612913,
            "camera_angle_x": 1.2754707474381335,
            "camera_angle_y": 1.860761902604437,
            "c1_x": 303.6064822982712,
            "c1_y": 65.76863273229571
        },
        {
            "file_path": "c2croppedalphaundistorted.png",
            "transform_matrix": [
                [
                    0.03711888636203838,
                    0.5851504951815125,
                    -0.8100747411591553,
                    222.83028378149453
                ],
                [
                    -0.9991781542838667,
                    0.008521882613946137,
                    -0.03962819095794727,
                    62.61945549759704
                ],
                [
                    0.016285093709509164,
                    -0.8108799390202873,
                    -0.5849859145460921,
                    85.29102521318288
                ],
                [
                    0.0,
                    0.0,
                    0.0,
                    1.0
                ]
            ],
            "f1_x": 910.1564972186876,
            "f1_y": 889.7403247767691,
            "camera_angle_x": 1.0709636746473488,
            "camera_angle_y": 1.6467268933498171,
            "c1_x": 282.78448718585025,
            "c1_y": 84.46129159552646
        },
        {
            "file_path": "c3croppedalphaundistorted.png",
            "transform_matrix": [
                [
                    0.7937029547572431,
                    0.3735557177291147,
                    -0.48009555857298647,
                    213.56121902662963
                ],
                [
                    -0.608125039189708,
                    0.4680376282303241,
                    -0.6411900773335856,
                    106.77411150385049
                ],
                [
                    0.014817432980721086,
                    -0.800872589312694,
                    -0.5986514339475374,
                    83.29857377915717
                ],
                [
                    0.0,
                    0.0,
                    0.0,
                    1.0
                ]
            ],
            "f1_x": 892.88073210727,
            "f1_y": 865.3333103858129,
            "camera_angle_x": 1.0878594801633759,
            "camera_angle_y": 1.674428851971773,
            "c1_x": -12.747029445929002,
            "c1_y": 158.5654547873404
        },
        {
            "file_path": "c4croppedalphaundistorted.png",
            "transform_matrix": [
                [
                    0.5642494843901922,
                    -0.44396459187596204,
                    0.6960732436502733,
                    11.347609560156384
                ],
                [
                    0.8245469240067498,
                    0.34569117381305714,
                    -0.44790622060734714,
                    101.31468335503591
                ],
                [
                    0.041771874226679655,
                    -0.8266759059680893,
                    -0.5611257051814945,
                    78.7218194914801
                ],
                [
                    0.0,
                    0.0,
                    0.0,
                    1.0
                ]
            ],
            "f1_x": 771.6838149564932,
            "f1_y": 744.6606876261876,
            "camera_angle_x": 1.2211411120724978,
            "camera_angle_y": 1.8221128689981554,
            "c1_x": 225.89671601950465,
            "c1_y": 232.3667538666366
        },
        {
            "file_path": "c5croppedalphaundistorted.png",
            "transform_matrix": [
                [
                    -0.6228254235377245,
                    -0.43345438309420503,
                    0.6513108240859163,
                    16.97415157475754
                ],
                [
                    0.7808630198917266,
                    -0.39589482435175427,
                    0.48323931153939303,
                    10.24812394972164
                ],
                [
                    -0.04838838662971401,
                    -0.8095582658634988,
                    -0.585041860221521,
                    77.67995148257988
                ],
                [
                    0.0,
                    0.0,
                    0.0,
                    1.0
                ]
            ],
            "f1_x": 767.0266653509458,
            "f1_y": 739.6505553328939,
            "camera_angle_x": 1.2268340336838819,
            "camera_angle_y": 1.8286460757835463,
            "c1_x": -101.3800239038926,
            "c1_y": 196.2109448888218
        },
        {
            "file_path": "c6croppedalphaundistorted.png",
            "transform_matrix": [
                [
                    0.999227471162801,
                    -0.014648361049315755,
                    0.03646760743677316,
                    168.2653376909896
                ],
                [
                    0.015385628306385827,
                    0.9996812068334142,
                    -0.020019169455931796,
                    65.68706105962582
                ],
                [
                    0.036162733790622674,
                    -0.0205647811234757,
                    -0.9991342985115323,
                    126.71566944564496
                ],
                [
                    0.0,
                    0.0,
                    0.0,
                    1.0
                ]
            ],
            "f1_x": 717.1198179839096,
            "f1_y": 702.693091272886,
            "camera_angle_x": 1.2908523123965834,
            "camera_angle_y": 1.8778666924744039,
            "c1_x": -104.37006120668707,
            "c1_y": 280.72548297415267
        },
        {
            "file_path": "c7croppedalphaundistorted.png",
            "transform_matrix": [
                [
                    -0.9950990838235214,
                    0.09843019104896242,
                    0.009450442510947626,
                    58.86640633025295
                ],
                [
                    -0.09881830490553793,
                    -0.9933496631542007,
                    -0.05908797954772112,
                    46.09572382636142
                ],
                [
                    -0.003571552769328589,
                    0.05973227102245934,
                    -0.9982080443521357,
                    120.57656202836397
                ],
                [
                    0.0,
                    0.0,
                    0.0,
                    1.0
                ]
            ],
            "f1_x": 658.1666998581056,
            "f1_y": 611.144330948142,
            "camera_angle_x": 1.3741862809570005,
            "camera_angle_y": 2.0077854331803078,
            "c1_x": -289.1054856101499,
            "c1_y": 103.4420248930636
        }
    ]
}